1.000000000000000000e+00
2.000000000000000000e+00
3.000000000000000000e+00
4.000000000000000000e+00
5.000000000000000000e+00
6.000000000000000000e+00
7.000000000000000000e+00
8.000000000000000000e+00
1.100000000000000000e+01
1.200000000000000000e+01
1.400000000000000000e+01
1.500000000000000000e+01
1.600000000000000000e+01
1.700000000000000000e+01
2.200000000000000000e+01
2.300000000000000000e+01
2.400000000000000000e+01
2.500000000000000000e+01
2.900000000000000000e+01
3.100000000000000000e+01
3.600000000000000000e+01
3.700000000000000000e+01
3.800000000000000000e+01
3.900000000000000000e+01
4.000000000000000000e+01
4.300000000000000000e+01
4.500000000000000000e+01
5.000000000000000000e+01
5.400000000000000000e+01
6.800000000000000000e+01
6.900000000000000000e+01
7.100000000000000000e+01
7.400000000000000000e+01
7.600000000000000000e+01
8.000000000000000000e+01
8.100000000000000000e+01
9.000000000000000000e+01
9.800000000000000000e+01
1.020000000000000000e+02
1.060000000000000000e+02
1.100000000000000000e+02
1.140000000000000000e+02
1.220000000000000000e+02
1.230000000000000000e+02
1.260000000000000000e+02
1.270000000000000000e+02
1.310000000000000000e+02
1.330000000000000000e+02
1.370000000000000000e+02
1.400000000000000000e+02
1.420000000000000000e+02
1.430000000000000000e+02
1.450000000000000000e+02
1.460000000000000000e+02
1.510000000000000000e+02
1.540000000000000000e+02
1.550000000000000000e+02
1.560000000000000000e+02
1.610000000000000000e+02
1.620000000000000000e+02
1.700000000000000000e+02
1.750000000000000000e+02
1.770000000000000000e+02
1.830000000000000000e+02
1.880000000000000000e+02
1.940000000000000000e+02
1.990000000000000000e+02
2.000000000000000000e+02
